9       11      2       1
9       12      3       1
13      14      1       1
13      15      1       1
13      16      3       1
13      17      3       1
13      18      2       1
19      20      1       1
19      21      3       1
19      22      1       1
19      23      1       1
19      24      3       1
19      25      1       1
19      26      3       1
19      27      3       1
19      28      1       1
19      29      3       1
19      30      2       1
31      32      2       1
31      33      1       1
31      34      3       1
35      36      1       1
35      37      2       1
35      38      3       1
39      40      1       1
39      41      4       1
39      42      4       1
39      43      2       1
39      44      3       1
39      45      4       1
39      46      4       1
47      48      1       1
47      49      3       1
47      43      2       1
47      50      3       1
47      51      1       1
52      53      1       1
52      54      2       1
52      55      3       1
52      56      5       1
57      58      1       1
57      59      2       1
57      60      3       1
61      62      6       1
61      63      5       1
61      64      1       1
61      65      3       1
61      66      2       1
67      68      1       1
67      69      2       1
67      70      3       1
71      68      1       1
71      72      3       1
71      69      2       1
73      74      6       1
73      75      1       1
73      76      3       1
73      77      2       1
78      79      1       1
78      80      3       1
78      81      2       1
82      83      1       1
82      84      1       1
82      85      3       1
82      86      4       1
82      87      2       1
82      88      3       1
89      90      1       1
89      91      2       1
89      92      3       1
89      93      4       1
94      95      1       1
94      96      6       1
94      97      3       1
94      98      2       1
99      100     1       1
99      101     3       1
99      102     6       1
99      103     2       1
99      104     5       1
105     106     1       1
105     107     3       1
105     108     2       1
109     110     1       1
109     111     2       1
109     112     3       1
113     114     7       1
113     115     6       1
113     116     3       1
113     117     5       1
113     118     2       1
113     119     1       1
120     121     7       1
120     122     1       1
120     123     6       1
120     124     3       1
120     125     2       1
126     127     3       1
126     128     1       1
126     129     4       1
126     130     2       1
131     132     1       1
131     133     3       1
131     134     2       1
135     136     7       1
135     137     1       1
135     138     6       1
135     139     3       1
135     140     2       1
141     142     1       1
141     143     2       1
141     144     3       1
145     146     1       1
145     147     1       1
145     148     4       1
145     149     3       1
145     150     4       1
145     151     2       1
145     152     3       1
153     154     1       1
153     155     1       1
153     156     3       1
153     157     2       1
153     158     3       1
159     160     1       1
159     161     2       1
159     162     3       1
163     164     1       1
163     165     3       1
163     166     2       1
163     167     4       1
168     169     6       1
168     170     1       1
168     171     1       1
168     172     3       1
168     173     2       1
168     174     3       1
175     176     8       1
175     177     8       1
175     178     1       1
175     179     3       1
175     180     2       1
181     182     1       1
181     183     2       1
181     184     3       1
185     186     1       1
185     187     2       1
185     188     3       1
189     190     1       1
189     191     1       1
189     192     3       1
189     193     5       1
189     194     2       1
189     195     3       1
196     197     8       1
196     198     8       1
196     199     8       1
196     200     7       1
196     201     1       1
196     202     8       1
196     203     9       1
196     204     3       1
196     205     2       1
206     207     1       1
206     208     2       1
206     209     3       1
210     211     1       1
210     212     2       1
210     213     3       1
214     215     6       1
214     216     1       1
214     217     2       1
214     218     3       1
219     220     1       1
219     221     6       1
219     222     1       1
219     223     5       1
219     224     1       1
219     225     3       1
219     226     3       1
219     227     3       1
219     228     2       1
229     230     1       1
229     231     1       1
229     232     1       1
229     233     1       1
229     234     3       1
229     235     2       1
229     236     3       1
229     237     3       1
229     238     3       1
239     240     1       1
239     241     4       1
239     242     2       1
239     243     3       1
239     244     5       1
245     246     1       1
245     247     1       1
245     248     2       1
245     249     3       1
245     250     3       1
251     252     1       1
251     253     2       1
251     254     2       1
251     255     2       1
251     256     3       1
257     258     1       1
257     259     2       1
257     260     6       1
257     261     3       1
262     263     1       1
262     264     2       1
262     265     3       1
266     267     1       1
266     268     6       1
266     269     3       1
266     270     2       1
271     272     1       1
271     273     3       1
271     274     2       1
275     276     1       1
275     277     6       1
275     278     1       1
275     279     2       1
275     280     3       1
275     281     3       1
282     283     1       1
282     284     3       1
282     285     2       1
286     287     1       1
286     288     3       1
286     289     4       1
286     290     2       1
291     292     1       1
291     293     2       1
291     294     3       1
295     296     6       1
295     297     1       1
295     298     2       1
295     299     3       1
300     301     1       1
300     302     3       1
300     303     2       1
304     305     3       1
304     306     2       1
304     307     1       1
308     309     1       1
308     310     3       1
308     311     2       1
312     313     1       1
312     314     2       1
312     315     3       1
316     317     1       1
316     318     2       1
316     319     3       1
320     321     1       1
320     322     6       1
320     323     3       1
320     324     5       1
320     325     2       1
326     327     2       1
326     328     4       1
326     329     1       1
326     330     3       1
331     332     1       1
331     333     3       1
331     334     2       1
335     336     1       1
335     337     2       1
335     338     3       1
339     340     2       1
339     341     1       1
339     342     2       1
339     343     3       1
339     344     2       1
345     346     6       1
345     341     1       1
345     340     2       1
345     347     3       1
345     344     2       1
345     342     2       1
348     349     6       1
348     350     2       1
348     351     1       1
348     352     3       1
353     354     3       1
353     355     4       1
353     356     1       1
353     357     4       1
353     358     4       1
353     359     2       1
353     360     4       1
353     361     4       1
362     363     1       1
362     364     2       1
362     365     2       1
362     366     3       1
367     368     1       1
367     369     2       1
367     370     3       1